0		1
921		1
1535		1
2457		1
3379		1
3993		1
4608		1
4915		1
5302		1
5303		1
5336		1
5338		2
5420		3
5503		1
5514		2
5516		4
5529		4
5564		1
5566		1
5582		1
5586		2
5594		2
5597		2
5599		2
5600		2
5602		2
5603		2
5619		1
5620		1
5621		3
5623		2
5629		1
5633		4
5635		1
5638		1
5653		3
5655		3
5662		9
5665		2
5666		1
5669		2
5670		6
5671		1
5674		3
5682		2
5683		2
5685		2
5686		2
5688		2
5690		4
5693		2
5696		2
5697		2
5698		3
5700		2
5707		2
5708		4
5709		4
5710		2
5711		4
5713		3
5716		2
5717		2
5720		2
5721		4
5722		2
5724		2
5725		4
5726		2
5728		2
5730		2
5732		3
5734		6
5735		2
5736		2
5738		2
5739		3
5740		2
5742		2
5744		2
5745		2
5747		2
5749		2
5751		2
5754		4
5756		3
5758		2
5759		2
5761		2
5763		2
5765		2
5766		2
5768		2
5770		2
5772		2
5773		2
5775		2
5777		2
5779		2
5781		2
5782		2
5787		4
5788		2
5789		4
5792		4
5794		2
5796		2
5798		4
5822		6
5823		2
5824		4
5825		4
5826		4
5827		4
5828		2
5829		2
5889		1
5891		1
5892		3
5912		2
5935		2
5936		3
5973		1
5975		4
5978		2
5985		4
5987		2
5995		2
5997		4
6008		2
6010		2
6012		2
6013		2
6015		2
6017		2
6018		2
6030		1
6046		2
6047		2
6049		2
6051		2
6053		2
6055		2
6056		2
6058		2
6060		2
6062		2
6081		2
6083		2
6085		2
6086		2
6088		2
6090		2
6093		2
6094		2
6095		2
6097		2
6099		2
6101		1
6102		2
6104		1
6106		2
6108		1
6110		2
6111		1
6113		2
6115		1
6119		2
6121		1
6126		3
6127		2
6128		1
6130		2
6132		1
6133		2
6136		1
6137		2
6140		3
6142		1
6144		2
6146		1
6148		2
6149		1
6151		2
6153		1
6155		2
6156		1
6158		2
6162		3
6164		1
6169		3
6170		3
6173		2
6177		1
6178		3
6180		2
6181		1
6183		2
6185		2
6187		2
6189		1
6190		1
6191		2
6192		2
6194		2
6196		2
6198		2
6202		4
6203		2
6205		2
6207		1
6211		2
6212		3
6219		1
6220		4
6451		2
6773		1
6812		2
6814		2
6815		2
6816		2
6819		2
6821		2
6822		2
6824		2
6826		4
6849		2
6851		2
6853		2
6855		2
6856		2
6858		2
6861		2
6862		2
6865		4
6867		2
6869		2
6871		1
6872		2
6883		1
6885		2
6889		3
6892		3
6894		1
6896		1
6898		1
6899		2
6901		2
6902		1
6905		2
6906		2
6908		2
6910		2
6912		2
6914		2
6918		4
6919		2
6921		2
6924		4
6926		1
6928		2
6930		1
6931		2
6934		2
6935		1
6936		1
6939		4
6953		1
6954		2
6955		2
6956		1
6966		1
6993		1
6994		2
6995		1
6996		1
6998		2
7004		2
7008		4
7009		2
7010		4
7049		1
7050		1
7052		2
7053		2
7055		2
7057		2
7059		2
7061		2
7062		2
7065		2
7066		2
7068		3
7069		2
7071		2
7073		2
7075		2
7077		2
7079		2
7080		2
7082		2
7084		2
7085		1
7086		1
7087		1
7088		2
7090		2
7092		2
7094		2
7095		2
7098		2
7100		2
7101		2
7102		1
7103		1
7104		2
7106		2
7108		1
7110		2
7111		1
7113		2
7115		1
7117		2
7119		1
7120		2
7123		1
7124		2
7127		2
7128		2
7129		2
7131		2
7133		2
7134		2
7136		2
7138		2
7139		2
7142		2
7145		1
7146		2
7149		2
7150		1
7151		1
7152		2
7154		1
7156		2
7158		2
7160		2
7161		3
7163		2
7165		2
7168		4
7171		2
7172		2
7173		2
7176		2
7177		2
7179		2
7181		2
7183		2
7185		2
7186		2
7188		2
7195		6
7196		4
7198		2
7200		2
7202		2
7203		2
7205		2
7207		2
7210		2
7211		2
7212		1
7213		1
7214		2
7217		2
7218		2
7220		2
7221		2
7224		2
7225		2
7227		2
7229		2
7230		2
7232		2
7234		2
7236		2
7237		2
7238		6
7346		1
7354		2
7355		2
7356		3
7372		1
7389		2
7390		1
7396		3
7401		3
7409		4
7410		2
7412		2
7418		10
7419		4
7430		4
7438		1
7442		2
7443		1
7444		3
7445		2
7446		3
7449		1
7453		3
7454		3
7456		2
7458		1
7460		2
7461		1
7463		2
7465		1
7467		2
7469		1
7471		2
7473		1
7475		2
7476		1
7478		1
7479		2
7480		1
7482		2
7484		3
7486		1
7487		2
7492		4
7493		4
7494		3
7497		3
7499		2
7500		2
7502		1
7504		2
7506		1
7508		2
7509		1
7511		2
7513		1
7515		2
7516		1
7517		1
7518		3
7521		2
7522		1
7524		2
7526		1
7528		2
7529		1
7531		2
7533		1
7535		2
7537		1
7538		2
7540		1
7542		2
7548		3
7550		3
7551		2
7552		1
7553		2
7555		1
7557		2
7559		1
7563		2
7564		1
7565		2
7566		2
7568		4
7570		1
7572		2
7574		1
7577		3
7579		2
7581		3
7598		4
7599		2
7600		4
7601		2
7602		2
7603		5
7604		4
7605		1
7606		2
7607		2
7609		1
7611		2
7612		1
7614		3
7616		1
7618		2
7620		1
7622		2
7624		1
7625		2
7627		1
7634		2
7635		2
7636		4
7641		2
7642		4
7645		5
7646		1
7647		2
7649		2
7650		2
7652		1
7653		2
7654		2
7656		2
7658		2
7662		4
7663		2
7665		2
7667		1
7668		4
7670		2
7672		2
7674		2
7675		2
7677		2
7681		2
7683		2
7685		2
7687		2
7688		2
7690		1
7692		2
7694		1
7696		2
7697		1
7699		2
7701		1
7703		2
7704		1
7706		2
7708		2
7710		2
7712		2
7714		2
7716		2
7718		2
7719		1
7721		2
7722		1
7724		2
7726		1
7728		2
7729		1
7734		2
7735		3
7737		2
7738		2
7740		2
7742		2
7744		1
7745		4
7747		1
7749		2
7751		1
7753		2
7754		1
7756		2
7762		3
7763		1
7764		3
7766		2
7768		1
7770		2
7772		1
7773		2
7775		1
7777		2
7779		1
7782		3
7785		2
7786		1
7788		2
7790		1
7791		2
7793		2
7795		2
7797		2
7798		2
7799		2
7800		1
7801		1
7803		2
7805		1
7807		2
7809		1
7810		1
7811		1
7812		1
7814		2
7819		1
7820		3
7822		2
7825		1
7827		2
7828		3
7830		1
7832		2
7834		2
7835		2
7837		2
7841		4
7842		2
7845		4
7972		1
7973		3
7975		1
7976		2
7987		1
8006		1
8015		2
8017		2
8018		2
8021		4
8023		1
8024		2
8025		1
8026		3
8028		3
8030		1
8031		2
8034		2
8043		2
8058		1
8060		1
8061		2
8062		1
8064		3
8068		2
8069		1
8071		1
8073		2
8074		3
8075		1
8078		1
8080		2
8107		5
8108		6
8111		1
8113		3
8115		2
8116		1
8147		2
8148		3
8149		2
8150		2
8152		1
8153		1
8154		2
8156		1
8158		2
8159		2
8161		1
8162		1
8163		1
8164		2
8180		2
8181		1
8184		1
8190		1
8191		1
8192		6
8199		1
8201		2
8202		1
8233		1
8234		1
8236		2
8237		2
8238		2
8253		1
8255		2
8256		1
8258		2
8260		1
8261		2
8263		1
8265		2
8267		1
8291		2
8293		1
8294		2
8296		1
8298		2
8300		1
8302		2
8304		1
8305		2
8307		1
8315		2
8327		2
8329		1
8330		2
8332		1
8334		2
8336		1
8338		2
8339		1
8341		2
8345		2
8346		2
8348		3
8387		1
8413		1
8414		1
8448		1
8452		2
8489		2
8490		1
8531		1
8533		2
8534		2
8535		1
8574		1
8575		1
8601		1
8659		1
8666		4
8667		3
8668		1
8669		4
8672		2
8703		1
8745		1
8746		2
8747		1
8793		1
8795		4
8796		1
8808		6
8810		2
8811		2
8812		2
8814		1
8815		3
8817		2
8818		2
8820		2
8822		2
8824		4
8828		4
8829		2
8830		1
8833		3
8835		4
8836		1
8851		1
8852		2
8854		1
8855		2
8857		1
8859		2
8861		1
8863		2
8864		1
8866		1
8868		2
8870		1
8872		2
8873		1
8876		2
8877		3
8878		1
8879		2
8883		3
8892		2
8893		1
8894		2
8896		1
8898		2
8900		3
8909		1
8919		3
8960		1
8961		1
8962		1
8963		4
8964		1
8996		1
8997		1
8998		1
9010		1
9011		1
9040		2
9041		1
9067		3
9068		1
9069		2
9071		1
9088		3
9110		1
9523		2
9577		2
9597		2
9631		1
9632		2
9659		1
9668		3
9707		1
9710		2
9714		4
9715		2
9744		2
9746		2
10444		1
10826		2
10858		1
10864		2
10897		1
11366		1
11840		2
11846		2
11851		2
11858		2
11872		1
11881		1
11883		1
11891		1
11980		1
12004		1
12082		1
12829		1
12830		1
12842		3
12843		1
12847		2
12849		2
12860		2
12861		1
12865		2
12875		2
12879		1
12881		1
12892		1
12898		1
13824		1
13829		2
13862		1
14001		2
14039		3
14040		1
14438		1
15974		1
16895		1
17817		1
18410		1
18554		3
18698		1
18699		3
18700		1
18739		1
18838		1
19967		1
20889		1
21820		1
22158		2
22173		2
22191		1
22192		1
22207		1
22208		2
22314		2
22315		1
22525		4
22527		2
22529		2
22552		1
22632		2
22634		2
22635		2
22638		2
22639		4
22694		3
22840		1
22845		3
22846		1
22881		1
22929		2
22930		2
22932		2
22934		2
22937		4
22967		2
22968		2
22972		4
22974		2
22978		2
22979		4
22981		2
22984		1
23003		1
23004		1
23005		2
23008		2
23009		2
23010		2
23012		2
23014		1
23016		2
23018		1
23022		3
23026		3
23027		2
23029		1
23030		2
23032		1
23034		2
23039		1
23040		1
23041		2
23043		1
23045		2
23047		1
23052		2
23053		3
23054		1
23056		2
23058		1
23059		2
23061		1
23063		2
23064		1
23066		2
23068		1
23070		2
23076		1
23077		3
23078		2
23079		1
23081		2
23082		1
23084		2
23087		1
23088		2
23089		1
23091		2
23093		1
23095		2
23097		1
23099		2
23100		1
23102		2
23104		1
23105		2
23107		1
23109		2
23111		1
23113		2
23115		2
23116		2
23122		4
23123		2
23124		2
23125		2
23127		2
23129		2
23130		1
23132		2
23134		1
23136		2
23137		2
23333		6
23349		1
23366		1
23368		2
23369		2
23372		3
23374		1
23380		3
23390		2
23397		2
23402		3
23405		2
23406		1
23407		1
23408		1
23409		2
23414		1
23415		2
23416		1
23432		3
23436		1
23440		1
23443		1
23444		2
23449		1
23450		1
23451		4
23486		2
23560		3
23571		3
23698		2
23699		2
23961		1
24401		1
24524		2
24882		1
25804		1
26388		1
26389		1
26391		1
26394		2
26437		2
26438		1
26483		1
26493		2
26495		2
26496		2
26544		2
26549		1
26610		1
26642		1
26716		1
26753		1
27033		2
27340		1
27954		2
28262		1
28263		2
28264		1
28265		3
28315		1
28336		1
28337		1
28385		2
28386		1
28502		4
28505		2
28539		1
28545		2
28551		2
28676		2
28677		1
28804		1
28812		5
28813		2
28815		1
28876		1
28937		1
28938		1
28939		1
29012		1
29183		1
29184		1
29196		2
29229		1
29230		1
29231		2
29351		3
29483		2
29831		4
29836		1
30004		1
30044		1
30105		1
30154		2
30174		1
30175		1
30210		2
30591		2
30593		2
30594		2
30596		2
30598		2
30599		1
30600		1
30629		2
30666		1
30668		1
30684		1
30704		2
30705		2
30707		2
30731		3
30733		1
30770		1
30773		2
30774		2
30775		1
30815		2
30817		2
30859		1
30860		2
30862		1
30864		2
30866		1
30895		2
30897		1
30898		2
30900		1
30902		2
30905		1
30930		2
30932		1
30933		2
30935		1
30937		2
30942		3
30945		2
30946		1
30965		1
30966		2
30968		1
30970		2
30972		1
30973		2
30976		1
30977		2
30979		1
30982		3
30984		2
30986		1
30988		2
30989		1
30992		2
30993		2
30995		2
30997		2
30998		2
31000		2
31002		2
31004		1
31009		3
31010		2
31011		1
31013		2
31014		1
31016		2
31018		1
31020		2
31022		1
31024		2
31025		1
31027		2
31029		1
31030		2
31032		1
31034		2
31036		1
31038		2
31039		1
31041		2
31043		1
31045		2
31047		1
31048		2
31050		1
31052		2
31054		1
31055		2
31057		1
31059		2
31061		1
31063		2
31064		1
31066		2
31068		1
31070		2
31072		1
31073		2
31075		1
31078		2
31079		1
31080		2
31084		3
31086		1
31087		2
31089		1
31091		2
31093		1
31095		2
31096		1
31097		2
31112		2
31189		1
31190		1
31224		2
31236		1
31240		1
31255		2
31256		1
31258		1
31288		1
31292		4
31293		3
31295		4
31296		2
31308		1
31310		2
31312		1
31316		2
31330		2
31331		1
31336		1
31340		2
31341		7
31343		2
31344		1
31347		3
31348		1
31351		2
31352		1
31370		1
31372		2
31373		1
31383		1
31385		2
31387		1
31392		1
31395		3
31403		2
31414		1
31418		1
31419		1
31421		1
31423		1
31425		1
31434		1
31437		1
31444		2
31445		2
31447		2
31449		2
31451		2
31452		1
31473		1
31475		2
31481		1
31483		3
31485		1
31487		4
31490		1
31496		1
31500		3
31501		1
31502		2
31503		1
31505		2
31507		1
31509		2
31511		1
31512		2
31515		1
31516		2
31520		1
31525		1
31526		2
31527		1
31531		1
31540		1
31541		2
31545		2
31550		1
31560		3
31562		1
31564		2
31565		1
31567		2
31571		1
31600		1
31601		1
31602		2
31615		2
31637		1
31641		1
31657		2
31743		2
31744		1
31771		1
31851		1
31852		1
31853		2
31855		3
31877		3
31966		1
31970		1
31972		2
31976		1
31979		2
31982		1
31984		1
31990		2
32014		1
32047		1
32053		1
32092		1
32093		1
32140		1
32142		2
32144		1
32145		2
32163		1
32178		1
32230		1
32298		2
32343		2
32404		2
32413		2
32458		4
32459		1
32500		1
32506		3
32512		1
32514		2
32515		1
32517		2
32519		1
32521		2
32523		1
32524		2
32526		1
32528		2
32529		2
32530		1
32537		1
32562		1
32658		2
32719		2
32913		1
32916		1
32917		1
32918		1
32919		2
32920		1
32921		1
32922		1
32979		1
32982		3
32994		2
32995		2
33003		4
33011		1
33013		2
33015		1
33017		2
33018		1
33020		2
33022		1
33023		1
33025		1
33038		1
33051		2
33053		3
33054		3
33055		2
33056		2
33058		2
33061		1
33063		2
33064		3
33065		4
33085		2
33086		1
33087		3
33095		1
33100		2
33101		2
33102		1
33103		1
33107		2
33108		1
33113		2
33117		2
33118		2
33119		2
33120		1
33121		1
33123		2
33124		2
33126		2
33127		3
33129		2
33131		6
33132		3
33141		3
33147		1
33148		2
33177		2
33205		3
33206		3
33332		1
33345		1
33384		2
33386		4
33484		2
33532		1
33547		4
33585		4
33589		1
33599		1
33737		3
33791		1
33881		1
33882		4
33883		1
34022		1
34106		2
34406		1
35020		1
35389		1
35509		2
35510		1
35634		2
35636		2
35638		2
35640		1
35764		2
35918		1
35942		1
35957		1
36026		1
36027		1
36063		1
36064		2
36076		2
36166		2
36167		1
36271		1
36273		2
36275		2
36276		2
36376		2
36378		2
36420		1
36425		2
36461		2
36462		1
36502		1
36505		2
36507		1
36556		1
36612		2
36613		1
36779		1
37459		1
37460		1
37477		1
37545		2
38459		2
38460		2
38494		1
38495		6
38498		7
38502		1
38503		1
38539		1
38738		2
39014		1
39213		2
39935		1
40171		2
40857		1
41471		1
41834		2
41869		1
42087		2
42270		1
42393		1
42510		2
42921		4
42922		1
42923		1
42924		2
42926		2
42928		2
42930		2
43007		1
43041		2
43130		1
43132		2
43133		1
43179		2
43181		4
43182		2
43183		1
43185		2
43187		2
43189		2
43190		2
43192		4
43193		1
43220		1
43221		2
43223		1
43224		2
43225		2
43227		2
43229		2
43230		2
43232		2
43234		2
43242		2
43243		2
43244		3
43245		2
43246		1
43263		1
43264		1
43266		2
43269		5
43271		2
43273		2
43275		1
43276		1
43278		1
43280		1
43281		1
43284		1
43285		1
43287		1
43289		1
43291		1
43292		1
43294		1
43296		1
43297		2
43301		1
43302		1
43303		1
43304		1
43306		3
43307		1
43308		2
43309		1
43312		2
43314		1
43315		2
43316		1
43319		2
43320		1
43323		2
43324		2
43326		2
43328		2
43329		2
43333		4
43335		2
43336		2
43338		1
43340		2
43342		1
43343		3
43352		1
43380		2
43390		1
43445		2
43446		1
43490		2
43579		1
43580		1
43581		1
43583		1
43595		1
43598		3
43599		1
43619		1
43621		1
43622		1
43623		1
43625		2
43627		1
43631		3
43632		2
43634		5
43636		2
43638		3
43645		2
43646		2
43648		2
43649		2
43660		1
43670		1
43678		1
43681		1
43708		1
43709		2
43728		1
43734		2
43736		2
43737		2
43739		3
43744		1
43748		3
43771		1
43772		2
43775		1
43776		2
43778		1
43779		2
43781		1
43783		2
43784		2
43789		4
43790		2
43792		2
43793		2
43795		5
43812		2
43814		1
43816		1
43817		1
43819		2
43823		2
43825		2
43853		1
43933		2
43946		2
43948		2
43950		2
43951		2
43953		2
43955		2
43957		2
43958		2
43960		2
43977		1
43980		2
43981		1
43983		2
43985		1
43987		2
43988		1
43990		2
43992		1
43993		2
43995		2
44000		3
44001		3
44002		2
44003		2
44005		2
44009		4
44010		2
44012		2
44014		2
44016		2
44042		2
44103		1
44104		1
44105		1
44108		1
44110		2
44158		1
44160		4
44161		3
44164		2
44166		2
44168		1
44169		2
44171		1
44173		2
44175		1
44176		2
44178		1
44180		2
44181		1
44183		2
44185		1
44187		2
44190		4
44193		2
44194		2
44196		2
44197		2
44199		4
44200		1
44202		2
44204		2
44206		3
44211		4
44212		2
44213		4
44214		1
44224		2
44226		2
44228		2
44229		3
44256		1
44269		1
44272		2
44274		1
44276		1
44278		1
44280		1
44281		2
44293		1
44307		1
44410		1
44462		2
44463		2
44739		1
44740		1
44786		2
44787		2
44789		2
44790		1
44791		1
44792		2
44794		2
44797		2
44799		2
44800		2
44801		2
44804		4
44806		4
44809		2
44820		1
44821		1
44824		1
44850		1
44859		2
44861		2
44864		3
44865		2
44866		2
44896		2
44897		2
44899		2
44901		2
44902		2
44905		4
45001		2
45002		1
45146		1
45148		3
45149		1
45286		1
45465		1
45719		1
45857		3
45923		2
46000		1
46002		4
46142		1
46386		1
47001		1
47923		1
48844		1
49458		1
50380		1
50994		1
51916		1
52837		1
52838		1
53452		1
53587		2
54373		1
55909		1
56831		1
57752		1
58367		1
58411		1
58412		1
58447		1
58452		2
58495		2
58496		1
58542		1
58544		2
58546		1
58597		2
58656		1
58657		3
58687		1
58697		1
58808		1
58809		2
58824		2
58825		1
58852		3
58854		3
58885		1
58893		1
58895		2
58897		1
58902		1
58903		4
58904		1
58948		1
58950		1
58954		1
58959		1
58967		1
58968		2
58969		3
59034		1
59041		1
59107		1
59124		1
59137		2
59139		1
59164		1
59219		1
59220		1
59288		1
59299		1
59300		1
59380		1
59381		1
59467		1
59475		3
59477		1
59522		1
59557		1
59575		1
59578		2
59579		1
59586		2
59597		1
59617		1
59623		1
59624		1
59681		1
59682		1
59683		1
59684		1
59685		1
59686		1
59687		1
59700		1
59724		2
59725		1
59727		3
59729		1
59730		3
59734		2
59735		4
59739		2
59740		1
59746		1
59766		1
59768		2
59770		1
59775		1
59779		3
59780		2
59781		1
59782		1
59789		4
59791		3
59792		1
59797		1
59801		2
59802		1
59816		1
59817		1
59830		2
59834		4
59835		2
59845		3
59846		1
59851		1
59852		1
59856		1
59857		1
59867		3
59868		1
59869		2
59874		5
59894		1
59896		2
59898		1
59899		2
59901		1
59903		2
59905		3
59906		1
59907		1
59908		2
59910		1
59912		2
59913		1
59914		1
59915		2
59920		3
59935		3
59936		1
59937		1
59940		3
59941		1
59953		1
59956		2
59957		2
59958		3
59984		1
59986		2
59987		1
59992		2
59993		3
59995		1
59996		2
59998		1
60000		2
60002		1
60003		2
60005		2
60006		1
60020		1
60030		1
60032		2
60035		1
60036		2
60038		1
60043		5
60044		2
60046		2
60080		2
60082		1
60083		2
60085		1
60086		2
60094		3
60096		1
60102		2
60103		1
60106		1
60108		2
60135		2
60137		1
60138		2
60189		1
60227		1
60824		1
61746		1
62395		2
62493		1
62494		1
62527		1
62529		1
62530		1
62565		3
62605		1
62668		1
62686		2
62689		2
62690		2
62691		2
62695		2
62696		2
62698		2
62699		2
62701		2
62702		2
62704		2
62705		2
62707		2
62709		2
62712		2
62713		2
62715		2
62717		2
62718		2
62760		1
62766		2
62791		1
62792		1
62800		1
62802		1
62815		2
62816		2
62817		2
62824		1
62827		2
62852		2
62853		1
62854		3
62855		3
62860		2
62861		6
62862		1
62869		3
62894		1
62897		2
62899		2
62901		2
62902		2
62904		2
62906		2
62908		2
62910		2
62911		2
62913		2
62915		2
62917		2
62918		2
62920		2
62922		1
62923		1
62924		2
62926		2
62927		2
62930		3
62931		4
62932		4
62933		2
62934		2
62936		2
62938		2
62940		2
62942		2
62943		2
62945		2
62947		2
62948		2
62950		2
62952		2
62954		2
62958		4
62959		2
62961		2
62963		2
62965		2
62966		2
62968		2
62970		1
62973		3
62975		4
62978		4
62980		2
62982		2
62984		2
62986		3
62987		1
62988		2
62989		2
62991		2
62993		2
62994		2
62996		2
62998		2
63000		2
63002		2
63003		2
63005		4
63008		2
63009		2
63015		2
63018		4
63019		4
63021		4
63022		2
63023		2
63024		2
63026		2
63027		2
63031		4
63034		2
63035		2
63036		2
63038		2
63040		2
63042		2
63044		2
63045		2
63046		4
63048		2
63050		4
63055		3
63056		1
63058		2
63060		1
63062		2
63063		1
63065		2
63067		1
63069		2
63070		1
63072		2
63074		1
63076		2
63078		1
63079		2
63081		1
63083		2
63085		1
63086		3
63088		1
63094		3
63095		3
63096		2
63097		1
63098		1
63099		4
63101		1
63103		3
63105		1
63106		4
63107		3
63110		1
63111		2
63112		1
63114		2
63116		1
63118		2
63119		1
63121		2
63124		1
63125		2
63127		1
63128		1
63129		1
63130		1
63132		2
63134		1
63136		2
63137		1
63140		2
63141		1
63143		2
63144		1
63146		6
63154		4
63192		1
63197		2
63198		4
63200		2
63202		2
63203		2
63205		2
63210		2
63212		6
63214		2
63216		2
63218		2
63220		2
63221		2
63223		2
63225		2
63226		2
63246		1
63459		2
63463		2
63492		1
63493		1
63497		1
63499		1
63543		1
63544		1
63548		1
63549		2
63550		1
63555		1
63556		1
63557		2
63577		1
63579		1
63589		1
63597		1
63599		2
63601		1
63604		1
63605		2
63606		2
63608		1
63614		2
63615		1
63616		3
63617		3
63619		1
63620		1
63633		1
63634		2
63637		1
63639		2
63641		1
63643		7
63644		1
63657		3
63670		1
63671		1
63673		2
63675		4
63714		1
63717		2
63718		2
63720		2
63727		1
63728		1
63775		1
63776		2
63780		1
63781		2
63783		3
63785		1
63787		2
63788		2
63790		2
63792		2
63794		1
63795		1
63797		4
63799		2
63801		2
63803		2
63806		2
63807		2
63808		2
63810		2
63811		2
63813		2
63815		1
63817		2
63819		1
63820		2
63822		1
63823		1
63824		2
63826		1
63828		2
63829		1
63831		2
63833		1
63835		2
63837		1
63838		2
63840		1
63842		2
63844		1
63845		2
63847		2
63848		2
63850		2
63852		2
63854		4
63944		1
63978		3
64018		3
64030		1
64031		1
64069		2
64080		1
64081		2
64082		1
64083		2
64084		1
64085		1
64129		2
64130		2
64131		2
64133		2
64135		2
64137		2
64139		2
64145		4
64146		2
64147		2
64148		2
64149		2
64151		2
64153		2
64160		4
64161		2
64162		4
64164		1
64165		2
64167		1
64169		2
64170		1
64172		2
64173		3
64186		6
64187		4
64188		2
64189		3
64190		3
64191		2
64192		2
64193		2
64194		3
64195		2
64205		1
64206		5
64230		1
64231		2
64233		1
64238		2
64239		3
64240		1
64247		1
64249		2
64251		1
64253		2
64254		1
64256		2
64259		2
64260		1
64261		2
64264		1
64265		2
64267		1
64268		3
64269		1
64271		1
64272		2
64274		1
64276		4
64280		3
64289		1
64290		2
64291		2
64294		3
64295		1
64296		3
64297		3
64298		2
64300		1
64302		2
64304		1
64306		2
64307		2
64308		1
64309		2
64311		1
64313		3
64318		1
64320		2
64322		1
64323		2
64325		1
64327		2
64328		1
64330		2
64331		1
64333		1
64334		2
64336		1
64338		2
64342		1
64344		2
64345		1
64353		1
64355		2
64357		1
64358		2
64359		1
64361		1
64363		2
64365		1
64367		2
64369		1
64372		3
64374		2
64378		2
64379		2
64380		1
64382		2
64383		1
64385		1
64386		2
64388		1
64389		2
64391		1
64395		3
64396		2
64397		1
64398		1
64399		2
64400		1
64402		3
64403		1
64404		1
64414		2
64417		1
64419		2
64430		4
64431		4
64432		3
64441		1
64442		3
64443		1
64458		2
64459		1
64470		2
64487		3
64495		1
64497		2
64498		1
64502		1
64511		5
64523		2
64534		2
64545		2
64554		2
64560		1
64562		3
64563		1
64573		1
64575		2
64577		1
64579		2
64580		4
64584		1
64586		2
64587		2
64600		3
64602		1
64603		1
64604		1
64606		2
64608		3
64609		1
64614		1
64615		1
64616		1
64619		3
64620		1
64625		2
64626		2
64627		1
64638		1
64640		2
64641		1
64657		2
64658		5
64659		4
64661		3
64662		3
64663		1
64672		1
64674		2
64676		2
64689		4
64690		1
64695		1
64696		3
64702		1
64718		1
64720		2
64722		1
64724		4
64729		1
64731		4
64733		2
64734		2
64739		2
64750		4
64762		1
64764		2
64765		4
64772		1
64774		2
64775		3
64776		1
64785		1
64786		1
64787		1
64788		1
64789		1
64795		1
64796		2
64800		2
64806		1
64808		2
64810		1
64812		2
64813		1
64815		2
64817		2
64818		1
64819		3
64820		1
64822		1
64823		2
64824		1
64826		2
64828		1
64829		3
64831		1
64833		2
64834		1
64836		1
64837		1
64838		1
64840		2
64842		1
64844		2
64845		1
64847		2
64850		1
64851		2
64853		1
64854		2
64856		1
64858		2
64860		1
64862		4
64867		1
64870		1
64871		2
64872		2
64873		1
64875		2
64877		1
64879		2
64881		1
64882		2
64884		1
64888		1
64889		2
64890		1
64891		2
64893		1
64895		2
64899		1
64900		2
64901		4
64902		1
64903		2
64904		1
64905		1
64907		2
64908		2
64910		1
64911		2
64913		1
64915		2
64917		1
64920		2
64921		4
64923		5
64924		1
64925		1
64933		1
64934		1
64949		3
64960		2
64963		2
64971		1
64977		1
64978		1
64979		1
64982		1
65000		1
65010		1
65016		3
65020		1
65057		1
65059		2
65061		2
65062		2
65129		6
65163		1
65164		1
65168		4
65170		3
65172		3
65205		3
65206		1
65208		1
65211		3
65248		1
65252		3
65260		1
65282		3
65287		1
65294		2
65295		1
65299		1
65302		1
65303		2
65323		1
65327		3
65338		3
65339		2
65341		3
65363		1
65364		2
65365		1
65372		1
65375		1
65376		1
65380		1
65397		1
65398		1
66968		1
67890		1
68811		1
68932		2
69844		1
69845		1
69877		1
70040		1
70208		1
70245		1
70246		2
70275		1
70367		1
70368		3
70370		2
70371		2
70373		2
70375		2
70379		1
70380		3
70381		2
70386		4
70387		2
70833		2
70847		1
70849		1
70866		1
70894		2
70895		2
70905		2
70907		2
70909		2
70911		2
70912		2
70914		2
70916		2
70918		2
70919		2
70962		1
71034		1
71067		2
71068		1
71105		1
71106		2
71216		1
71217		1
71262		4
71269		2
71409		1
71446		2
71447		1
71491		1
71496		3
71497		1
71534		1
71612		1
71613		1
71614		1
71615		1
71616		1
71617		1
71618		2
71619		1
71661		2
71662		2
71665		4
71666		1
71670		2
71673		2
71674		2
71676		2
71679		4
71680		3
71691		4
71692		4
71693		2
71694		1
71695		1
71697		2
71698		1
71700		2
71702		1
71703		2
71705		1
71708		2
71709		1
71712		2
71713		1
71715		2
71717		1
71718		2
71720		1
71722		2
71724		1
71725		2
71727		1
71729		2
71731		4
71736		4
71737		2
71738		2
71740		2
71743		2
71744		2
71745		2
71747		2
71749		2
71750		1
71751		1
71752		2
71754		2
71756		2
71758		2
71760		2
71761		2
71763		2
71767		4
71768		2
71770		2
71772		2
71774		2
71776		2
71777		2
71779		2
71782		3
71784		1
71786		2
71788		1
71789		2
71792		2
71793		2
71795		2
71797		2
71798		2
71800		2
71813		4
71814		7
71815		2
71816		2
71817		2
71818		5
71819		1
71820		2
71822		1
71827		6
71828		1
71830		2
71832		4
71836		3
71838		1
71839		2
71842		2
71844		2
71845		2
71847		2
71848		2
71850		2
71854		4
71855		1
71856		2
71866		1
71867		2
71868		1
71870		2
71871		1
71875		4
71876		1
71880		3
71883		2
71894		3
71896		1
71898		2
71904		3
71916		1
71918		2
71921		1
71922		3
71960		1
71982		3
71983		1
71985		2
72030		4
72040		1
72042		3
72050		1
72052		2
72053		1
72055		2
72057		1
72058		1
72059		1
72060		1
72062		2
72064		2
72065		1
72066		2
72068		5
72079		1
72080		5
72081		2
72082		2
72088		1
72091		3
72092		1
72099		1
72101		3
72102		1
72113		1
72114		2
72116		1
72118		2
72119		1
72121		3
72122		1
72126		1
72127		2
72129		4
72141		3
72143		1
72144		1
72146		1
72149		3
72156		1
72158		2
72159		2
72166		1
72168		2
72170		1
72173		3
72178		1
72180		1
72181		2
72184		2
72189		3
72191		3
72192		3
72193		2
72194		2
72200		2
72201		1
72202		1
72210		1
72212		2
72214		3
72215		1
72221		1
72222		2
72224		1
72225		3
72245		1
72246		3
72251		3
72252		2
72254		3
72256		1
72258		2
72259		1
72261		2
72262		1
72265		1
72267		2
72271		1
72272		3
72277		1
72279		2
72281		1
72283		2
72285		1
72287		2
72288		1
72290		2
72292		1
72294		2
72295		1
72297		2
72299		1
72300		2
72301		1
72303		1
72304		3
72307		1
72308		2
72383		1
72384		1
72417		1
72418		1
72805		2
73112		1
74034		2
74035		1
74955		1
75569		1
76491		1
76770		3
76806		1
76829		2
76862		1
76928		1
77413		1
77720		1
77721		1
78642		1
78949		1
79121		4
79160		1
79563		1
79907		3
79950		1
79991		3
79992		1
80006		2
80007		1
80033		1
80047		1
80075		2
80092		1
80113		1
80180		1
80196		3
80197		1
80198		1
80199		2
80203		2
80204		1
80239		1
80241		1
80246		1
80485		1
81407		1
81919		4
81921		2
81923		2
81931		2
82142		1
82143		1
82144		3
82145		1
82200		1
82201		2
82203		1
82204		2
82206		1
82214		4
82215		3
82216		1
82217		2
82219		1
82221		2
82222		1
82223		2
82226		1
82227		2
82228		1
82231		2
82232		1
82234		2
82237		3
82238		1
82239		1
82242		2
82243		1
82244		2
82245		3
82246		1
82248		1
82249		1
82256		1
82257		3
82258		3
82263		1
82266		3
82270		3
82272		2
82286		1
82289		2
82290		1
82291		2
82293		1
82295		3
82302		1
82303		2
82312		1
82314		2
82315		1
82322		1
82323		1
82324		1
82325		1
82327		2
82329		2
82330		2
82332		1
82333		1
82335		2
82336		1
82338		2
82341		1
82342		2
82343		1
82345		2
82346		1
82348		2
82351		1
82352		2
82354		4
82356		1
82358		2
82361		1
82362		3
82390		2
82391		1
82392		1
82400		1
82430		1
82942		1
83864		1
84786		1
86321		1
86346		1
86381		3
86427		1
86430		4
86465		1
86936		1
87857		1
88410		1
88460		1
88591		2
88592		2
88594		2
88596		2
88598		2
88600		2
88601		2
88603		2
88611		2
88779		1
89394		1
90315		1
90930		1
91851		1
92773		1
93387		1
94309		1
94923		1
95845		1
96766		1
97381		1
98833		2
98865		1
98917		1
99586		2
99838		1
100759		1
101349		1
101374		1
101384		3
101425		1
101427		3
101428		1
101463		1
102296		1
102910		1
103832		1
104753		1
105368		1
106289		1
106904		1
107825		1
108748		1
109668		1
110165		1
110225		1
110303		2
110307		4
110309		2
110310		2
110312		2
110314		2
110316		2
110317		2
110319		2
110321		2
110323		2
110325		2
110326		2
110328		2
110330		2
110332		1
110334		2
110335		1
110337		2
110590		1
110911		1
110914		1
110960		3
110967		2
111079		1
111113		2
111114		1
111128		1
111151		1
111153		2
111162		2
111163		1
111217		1
111218		1
111219		3
111251		1
111254		1
111301		4
111418		1
111494		2
111495		2
111496		2
111498		2
111499		2
111819		1
112002		1
112004		2
112050		1
112060		3
112061		3
112062		3
112063		2
112066		3
112068		1
112070		2
112072		1
112073		2
112075		1
112077		2
112079		1
112081		2
112083		1
112084		2
112086		1
112087		2
112089		4
112092		2
112093		2
112096		2
112097		2
112099		2
112101		2
112103		2
112104		2
112109		6
112137		4
112138		2
112141		2
112171		2
112206		1
112294		1
112306		1
112391		2
112393		4
112483		2
112484		2
112485		2
112527		2
112529		2
112531		5
112532		2
112533		4
112534		8
112535		1
112581		2
112585		2
112589		1
112594		2
112596		1
112599		2
112600		1
112604		2
112606		1
112608		2
112624		1
112631		1
112663		1
112670		1
112740		1
114392		2
114429		1
114430		1
114584		1
115224		2
115812		1
116734		1
116828		1
116829		1
116862		1
116947		3
116956		1
117075		1
117532		2
117533		1
117573		1
117574		2
117656		1
118577		2
118884		1
119499		2
120420		1
120727		1
120728		1
121182		1
121260		3
121342		1
121343		1
121422		1
121460		1
121583		1
121649		1
121663		3
121743		1
121744		1
121825		1
121863		1
121956		1
121985		1
122067		1
122072		2
122073		1
122116		1
122153		1
122154		1
122231		1
122270		1
122389		1
122469		2
122470		1
122556		1
122557		1
122571		1
122634		1
122673		1
122799		1
122878		2
122879		2
122962		1
122963		1
122964		1
123009		1
123043		1
123080		1
123202		1
123280		2
123281		1
123363		2
123364		1
123412		1
123455		1
123492		1
123493		1
123533		1
123603		1
123638		1
123639		2
123646		1
123684		3
123764		1
123765		1
123800		2
123842		1
123880		1
124534		4
124535		3
124572		3
124574		3
124576		2
124580		1
124585		2
124721		1
124783		2
124820		1
124831		3
124832		1
124878		1
125028		1
125642		1
125950		1
126062		2
126077		1
126098		1
126145		3
126198		1
126199		3
126200		2
126235		1
126871		1
127486		1
128407		1
129943		1
130865		1
131487		1
131906		1
131907		1
131943		1
132358		1
132401		1
132578		1
132743		2
132744		2
132745		2
132746		2
132858		2
133015		1
133117		1
133198		1
133200		1
133277		2
133278		2
133280		2
133282		2
133284		2
133318		4
133361		2
133362		2
133364		2
133366		4
133420		1
133570		4
133572		2
133575		2
133700		2
133830		2
133831		6
133870		1
133872		1
133937		1
134858		1
135473		1
136394		1
137009		1
137475		1
137696		1
137783		2
137930		1
139466		1
139532		3
139640		3
139645		2
139662		1
139664		3
139665		2
139785		1
139899		1
140327		2
140328		2
140388		1
140439		2
140444		1
140517		2
140556		1
140637		1
140682		2
140684		4
141053		1
141088		3
141130		1
141132		4
141181		1
141200		1
141202		1
141203		1
141204		1
141243		1
141306		2
141311		1
141326		1
141437		1
141924		1
143288		1
143289		1
143299		2
143315		2
143325		2
143328		1
143333		2
143336		1
143351		1
143362		1
143370		1
143460		1
144531		1
144652		1
144653		2
145303		1
145434		2
145575		1
145679		1
145787		2
145789		2
145807		2
145808		2
145919		2
146011		2
146013		2
146015		2
146027		2
146137		1
146138		1
146178		2
146180		2
146185		2
146186		4
146195		1
146240		1
146241		1
146286		1
146287		1
146288		1
146365		2
146367		4
146417		1
146451		1
146452		1
146456		1
146676		1
146713		1
146839		1
146896		2
146897		3
146900		1
146902		2
146915		2
146916		2
146918		1
146983		2
147001		2
147002		1
147004		2
147006		1
147011		2
147012		1
147071		2
147072		1
147074		1
147079		1
147081		1
147125		2
147126		1
147146		1
147177		2
147179		2
147183		4
147184		2
147186		4
147192		1
147236		1
147239		2
147241		2
147242		2
147244		2
147246		2
147249		6
147254		4
147257		1
147258		2
147260		1
147264		1
147300		1
147348		3
147356		1
147397		1
147410		1
147411		1
147453		1
147463		3
147473		2
147483		2
147588		3
147594		4
147626		1
147646		2
147757		1
147765		2
147767		1
147769		2
147879		1
147917		1
148177		2
148233		2
148259		1
148269		2
148271		2
148305		1
148311		4
148312		2
148317		1
148321		2
148322		2
148324		1
148325		1
148360		1
148370		2
148375		1
148377		4
148394		2
148495		2
148505		2
148546		6
148616		4
148618		2
148642		2
148643		4
148762		2
148826		2
148828		2
148830		2
148832		1
148833		2
148836		1
148865		2
148868		1
148898		3
148899		1
148900		1
149297		1
149911		1
149977		6
150084		2
150085		1
150086		1
150105		1
150122		1
150123		2
150124		4
150125		1
150140		2
150195		2
150200		2
150210		3
150251		1
150257		2
150264		1
150280		1
150320		1
150345		1
150356		2
150371		1
150401		1
150410		1
150473		1
150510		1
150542		2
150544		2
150622		2
150654		2
150767		2
150832		1
150946		1
151001		2
151003		2
151326		1
151487		3
151573		1
151597		1
151608		2
151609		1
152061		2
152171		1
152172		1
152368		1
152490		2
152491		2
152494		2
152495		2
152498		4
152499		4
153290		1
153904		1
154610		2
154714		1
154754		1
155476		1
155477		1
155587		2
155588		1
155748		1
156669		1
157898		1
158477		4
158512		2
158513		2
158515		8
158819		1
159478		4
159518		4
159519		2
159521		4
159543		1
159544		1
159577		1
159579		2
159682		3
159741		1
159788		1
159898		2
159899		2
159926		1
159928		1
159929		1
159937		2
159963		1
159964		3
159971		1
159973		1
159982		1
159983		1
159984		2
159985		2
159998		1
160002		1
160003		3
160005		2
160007		2
160009		2
160018		2
160021		3
160022		2
160023		4
160027		3
160031		3
160033		2
160034		1
160049		3
160065		1
160067		8
160071		1
160073		3
160075		2
160077		5
160084		1
160086		2
160088		2
160092		1
160094		2
160096		2
160097		1
160100		5
160109		5
160111		2
160112		2
160115		2
160117		2
160120		2
160121		2
160125		4
160130		5
160137		2
160138		1
160139		3
160140		3
160143		1
160149		1
160154		1
160162		2
160163		4
160170		2
160172		2
160177		2
160178		4
160179		3
160181		1
160182		2
160184		6
160185		1
160191		1
160192		3
160193		4
160194		3
160200		1
160205		2
160207		2
160209		2
160217		2
160218		2
160220		2
160222		2
160223		3
160224		1
160225		4
160227		2
160229		2
160230		1
160231		3
160232		2
160233		2
160234		2
160239		2
160240		3
160241		3
160242		2
160244		3
160245		1
160247		2
160248		1
160255		3
160256		3
160257		3
160260		2
160261		2
160262		3
160263		4
160264		1
160266		2
160267		2
160269		2
160271		2
160272		2
160274		2
160276		2
160278		2
160280		2
160282		2
160283		2
160287		2
160288		2
160290		4
160295		1
160296		2
160301		3
160303		1
160304		1
160308		1
160310		7
160311		1
160313		2
160314		1
160318		1
160320		4
160322		2
160324		1
160326		2
160327		2
160329		2
160331		2
160334		3
160338		3
160340		1
160342		2
160343		1
160345		2
160347		1
160350		4
160351		1
160353		2
160354		2
160361		5
160362		4
160363		1
160364		5
160365		1
160366		1
160368		2
160369		3
160387		1
160405		1
160406		1
160407		3
160408		1
160414		1
160418		5
160419		1
160420		1
160423		2
160424		1
160429		1
160430		3
160439		2
160451		2
160473		3
160474		1
160475		1
160476		3
160483		4
160487		3
160489		1
160493		3
160494		1
160495		1
160496		6
160497		1
160500		2
160501		1
160522		3
160524		2
160525		2
160530		1
160535		1
160536		2
160541		1
160555		3
160561		2
160562		2
160563		1
160568		1
160570		1
160571		1
160609		2
160614		4
160620		2
160625		1
160627		2
160629		1
160631		4
160634		2
160642		1
160645		3
160652		3
160653		1
160658		1
160659		3
160663		1
160665		6
160666		1
160674		1
160675		3
160692		1
160709		2
160710		6
160711		3
160712		2
160714		2
160716		4
160722		2
160759		1
160760		3
160761		3
160765		1
160770		4
160772		3
160777		3
160778		1
160808		1
160809		4
160815		1
160821		1
160824		1
160835		3
160841		3
160853		1
160854		3
160860		1
160863		1
161166		1
161221		2
161222		1
161281		1
161295		4
161678		2
161681		1
161682		2
161717		3
161755		1
161761		2
161763		2
161766		2
161774		4
161775		2
161803		2
161808		1
161830		1
161831		2
161832		2
161833		1
161834		3
161836		2
161837		1
161850		1
161866		1
161868		3
161876		1
161878		3
161883		1
161884		1
161887		1
161891		1
161892		1
161927		1
161928		1
161929		1
161977		2
161994		1
162813		1
163735		1
164656		2
164891		2
164963		1
164993		1
165578		2
165885		1
166294		1
166295		1
166350		1
166807		2
166975		4
167009		1
167729		1
168343		1
169265		1
169571		1
170186		1
170425		2
170426		1
170493		1
170494		1
170503		1
170504		1
170590		1
170591		1
170672		2
170755		1
170765		1
170766		1
170809		1
170846		1
170883		1
171104		1
171105		3
171106		2
171148		1
171150		2
171151		1
171153		2
171156		2
171159		2
171162		4
171164		3
171165		1
171167		2
171170		1
171171		1
171173		2
171175		1
171176		2
171178		2
171180		2
171189		2
171190		1
171193		2
171195		2
171198		5
171207		1
171211		2
171212		2
171213		1
171214		2
171215		1
171217		2
171218		2
171220		3
171221		2
171224		5
171234		1
171236		2
171238		1
171239		3
171249		3
171250		2
171251		2
171253		2
171254		1
171257		1
171258		2
171260		1
171261		2
171262		1
171264		2
171266		1
171268		3
171270		1
171271		2
171273		1
171274		2
171275		1
171276		1
171278		2
171280		1
171281		4
171295		1
171301		2
171302		1
171303		4
171304		2
171305		4
171306		1
171307		4
171316		1
171318		2
171320		1
171321		2
171323		2
171327		4
171328		1
171354		1
171355		2
171357		1
171358		2
171361		1
171364		2
171365		1
171367		1
171369		2
171371		1
171372		2
171375		1
171376		2
171384		3
171387		1
171388		2
171390		1
171391		2
171393		1
171403		1
171415		1
171430		1
171722		1
172336		1
172643		1
173047		2
173089		1
173258		1
173393		1
173394		1
173429		1
173598		2
173601		2
173605		2
173613		2
173629		2
173630		2
173634		1
173639		2
173647		1
173666		1
173667		1
174179		1
175101		1
175716		1
176637		1
177559		1
178173		1
179095		1
179709		1
180630		1
181552		1
183088		1
183702		1
184624		1
185545		1
186160		1
186717		8
187027		2
187082		1
187645		2
187696		1
188618		1
188890		2
189539		1
191075		1
191364		2
191690		1
192611		1
193533		1
194147		1
194262		2
194300		1
194319		2
194395		2
194396		1
194474		1
195069		1
195516		2
195518		2
195519		2
195522		3
195523		2
195545		1
195570		1
195571		1
195599		1
195644		3
195650		2
195651		1
195683		4
195723		1
195726		2
195727		3
195728		1
195734		1
195737		2
195739		3
195740		1
195802		1
195820		1
195828		1
195830		4
195968		1
196324		2
196604		1
197492		1
197526		1
197570		2
197571		1
197654		1
197672		4
197703		1
197751		1
197780		2
197781		1
197812		2
197819		1
197820		2
197858		2
197860		2
197861		4
197899		1
197903		2
197905		2
197906		2
197938		1
197945		2
197949		1
198000		1
198040		1
198044		1
198122		2
198141		1
199062		1
199449		1
199525		3
199611		1
199626		3
199627		1
199702		1
199779		1
200512		2
200701		1
201019		1
201096		3
201184		1
201234		4
201239		1
201309		1
201313		3
201316		1
201398		1
201790		2
201791		2
201793		2
201794		3
201795		1
201829		3
201869		1
201902		2
201904		1
201912		4
201913		1
201914		1
201989		1
201992		7
202001		1
202003		2
202004		3
202005		2
202007		1
202010		2
202011		4
202067		1
202083		1
202090		1
202544		1
203122		4
203169		1
203465		1
204387		1
205104		1
205183		3
205265		1
205308		1
205319		2
205321		2
205322		3
205323		1
205401		1
206243		2
206537		1
206984		1
207062		2
207063		1
207146		1
207459		1
207512		2
207513		2
207515		2
207516		3
207517		1
207600		1
208096		1
208097		3
208172		2
208173		4
208176		2
208177		1
208179		2
208180		1
208252		1
208260		1
208269		1
208278		1
208380		1
208599		4
208658		4
208673		1
208736		1
209203		4
209280		1
209285		3
209286		1
209364		1
209609		1
210531		1
212374		1
212988		2
213295		1
213910		1
214217		1
214218		1
215139		1
215753		1
216675		1
216982		1
217596		1
218825		1
219132		1
219613		1
219691		3
219747		1
219773		1
219977		4
219979		5
219982		2
220013		1
220014		1
220047		1
220049		1
220054		1
220060		1
220668		1
221590		1
222511		1
222829		4
222869		1
223126		1
224047		1
224969		1
225584		1
226051		2
226082		1
226162		3
226246		1
226265		4
226272		2
226299		1
226307		1
226309		2
226339		2
226348		1
226416		3
226505		1
226533		5
226536		3
226542		2
226579		1
226580		2
226645		1
226700		1
226701		2
226829		1
226832		1
226833		6
226839		2
226873		1
226874		2
226955		1
226982		3
227097		1
227099		2
227100		2
227102		2
227103		1
227108		2
227119		1
227141		1
227143		2
227210		1
227252		2
227253		1
227370		1
227377		6
227384		1
227506		1
228041		1
228120		3
228126		3
228130		1
228131		3
228148		1
228150		1
228151		1
228158		2
228170		1
228186		2
228218		1
228243		2
228248		4
228250		3
228251		1
228253		2
228254		2
228256		2
228258		2
228261		2
228262		2
228265		4
228285		3
228290		2
228293		1
228308		2
228330		1
228350		2
228357		1
228358		2
228361		1
228363		1
228364		1
228365		1
228367		2
228369		1
228371		1
228372		1
228373		1
228375		2
228376		2
228377		1
228440		2
228448		1
228450		3
228451		1
228476		1
228479		2
228589		1
228606		3
228798		4
228962		1
229577		1
230498		1
231113		1
232034		1
232956		1
233162		1
233204		2
233242		1
233243		2
233351		5
233352		1
233476		2
233498		6
233571		1
234239		1
234240		1
234261		1
234262		3
234273		1
234275		1
234287		1
234288		1
234291		1
234292		1
234330		2
234386		1
234405		2
234418		2
234421		1
234429		2
234548		1
234581		1
234582		1
234633		1
234688		1
234731		2
234732		2
234735		1
234781		1
234782		1
234792		1
234796		2
234797		3
234798		1
234842		1
234843		2
234869		1
234871		1
234880		1
234881		1
234895		2
234896		1
234905		1
234906		2
234926		1
234943		4
234946		2
234948		3
234987		1
235070		2
235097		4
235099		2
235101		2
235103		2
235104		2
235107		3
235120		1
235121		1
235163		1
235206		2
235211		2
235212		2
235213		2
235214		2
235215		2
235218		2
235219		2
235221		2
235222		2
235224		4
235278		2
235279		1
235404		1
235425		2
235574		1
235613		1
235614		4
235616		3
235659		1
235673		1
235674		1
235684		2
235755		2
235851		5
235861		3
235863		2
235885		1
235888		2
235890		2
235923		1
235927		3
235936		6
235940		1
235944		2
235962		2
235973		1
235989		1
235990		3
236000		2
236006		2
236026		3
236028		1
236030		1
236068		3
236069		1
236204		1
236231		2
236232		1
236239		3
236244		2
236280		1
236287		3
236324		1
236332		3
236371		1
236372		2
236373		1
236411		1
236417		1
236487		1
236527		2
236529		2
236645		2
236646		2
236652		2
236654		2
236714		1
236749		1
236762		2
236782		2
236783		2
236787		1
236788		1
236789		2
236796		2
236934		2
236935		2
236938		2
236939		2
236941		2
236942		2
236950		1
237564		1
239407		1
240022		1
240943		1
241332		2
241370		1
241372		1
241455		1
241558		1
241563		2
241564		2
241693		1
241696		4
241704		1
241746		4
241764		3
241801		1
241805		1
241817		1
241818		1
241825		2
241826		2
241827		2
241829		2
241836		1
241837		1
241863		2
241865		2
241867		2
241870		1
241876		2
241903		2
241904		1
241905		1
241906		1
241907		1
241908		1
241941		1
241987		1
241990		1
241991		1
241992		1
241994		1
241995		2
241997		1
241999		2
242002		5
242003		10
242007		3
242008		5
242009		4
242027		2
242040		3
242072		2
242073		2
242087		2
242088		2
242089		2
242090		4
242108		5
242112		2
242113		4
242116		1
242119		1
242122		2
242123		2
242124		4
242135		1
242137		1
242140		2
242142		6
242153		1
242157		1
242158		2
242159		6
242191		1
242192		1
242193		5
242203		1
242207		1
242210		3
242211		2
242227		1
242229		1
242231		4
242232		1
242247		1
242250		1
242251		3
242252		2
242265		1
242267		2
242268		2
242270		1
242276		5
242291		1
242293		1
242294		2
242295		1
242296		1
242313		1
242314		4
242315		1
242330		1
242331		4
242332		1
242350		1
242352		3
242353		1
242354		1
242370		1
242371		4
242372		1
242402		4
242403		2
242419		1
242420		3
242421		2
242439		1
242440		1
242441		2
242442		2
242443		1
242444		1
242445		3
242446		1
242447		1
242448		1
242450		2
242452		1
242457		1
242458		3
242459		1
242460		1
242461		1
242463		2
242465		1
242472		1
242474		1
242476		2
242477		1
242479		1
242480		3
242482		2
242484		2
242491		1
242492		1
242493		2
242503		1
242512		1
242514		1
242515		3
242516		1
242517		1
242523		1
242532		1
242533		1
242537		2
242538		1
242539		2
242541		3
242542		2
242544		1
242546		2
242547		1
242548		1
242549		1
242550		1
242552		2
242553		3
242555		2
242557		2
242559		2
242560		1
242561		1
242562		1
242563		1
242567		2
242568		2
242569		1
242571		2
242573		1
242575		2
242576		5
242578		3
242580		3
242582		4
242584		1
242586		3
242587		2
242604		1
242606		1
242608		5
242626		1
242629		3
242630		2
242653		1
242656		3
242657		2
242674		1
242675		5
242692		1
242706		5
242720		1
242721		3
242722		1
242723		1
242734		1
242747		1
242748		5
242765		4
242773		1
242776		1
242777		1
242778		3
242792		1
242794		1
242795		2
242797		1
242799		2
242801		3
242802		2
242811		1
242813		1
242814		4
242834		1
242850		1
242851		5
242856		1
242862		5
242878		1
242879		4
242880		1
242896		1
242897		4
242898		1
242915		1
242916		3
242917		2
242930		1
242933		1
242934		2
242935		2
242951		1
242953		1
242954		2
242955		2
242973		2
242974		4
242992		2
242993		4
243010		1
243015		2
243016		3
243029		1
243032		3
243033		2
243063		1
243065		4
243066		2
243085		4
243086		2
243104		1
243105		5
243109		1
243111		1
243112		2
243113		2
243129		1
243133		3
243134		2
243150		1
243154		5
243168		1
243172		1
243173		4
243174		1
243188		1
243191		3
243192		2
243207		1
243210		5
243230		1
243231		1
243232		3
243233		1
243249		1
243251		1
243253		5
243267		1
243269		1
243270		4
243289		1
243293		1
243294		4
243295		1
243312		4
243329		1
243330		3
243332		1
243333		1
243334		1
243336		1
243338		2
243339		1
243341		2
243347		1
243350		1
243351		3
243352		2
243368		2
243385		1
243386		1
243401		1
243404		1
243406		1
243407		1
243423		1
243424		1
243426		1
243428		2
243429		1
243430		1
243431		2
243433		1
243435		2
243438		1
243439		2
243441		1
243443		1
243448		1
243450		1
243467		3
243469		1
243471		1
243472		1
243477		2
243478		2
243479		1
243480		1
243482		2
243484		3
243487		1
243497		4
243499		1
243544		1
243547		1
243551		1
243554		1
243640		2
244015		1
244937		1
245858		1
246473		1
247394		1
248008		1
248930		1
249223		2
249224		1
249267		1
249303		1
249304		1
249383		2
249470		1
249471		2
249515		1
249563		1
249564		2
249582		1
249626		1
249661		1
249700		1
249852		1
251081		1
252002		1
253845		1
255074		1
255996		1
256917		1
258146		1
259682		1
260604		2
260911		1
261008		2
261042		2
261047		4
261283		2
261525		1
261765		2
261832		1
261833		1
262009		4
262047		1
262048		4
262051		1
262052		6
262731		2
262754		1
263009		2
263047		4
263049		2
263292		2
263368		1
263782		2
264290		1
264764		2
264904		1
265009		4
265117		2
265118		1
265119		2
265120		1
265666		2
265826		2
266009		2
266124		2
266125		1
266133		1
266728		2
267012		2
267055		1
267123		2
267124		1
267362		1
267977		1
268898		1
270434		1
270654		2
271356		1
271970		1
272830		1
272831		1
272869		1
273506		1
274427		1
275013		7
275051		1
275052		3
275055		4
275056		2
275057		2
275062		2
275349		1
275963		1
276885		1
277499		1
278421		1
278510		2
279957		1
280878		1
281493		1
282415		1
283336		1
283344		2
283345		1
283425		1
283426		1
283511		1
283512		1
283594		2
283678		1
283691		1
283715		1
283759		1
283798		1
283837		1
283951		1
284872		1
285486		1
286013		6
286050		2
286051		2
286053		4
286054		2
286055		2
286408		1
287330		1
287944		1
288865		1
289787		1
290402		1
291327		1
291937		1
292859		1
293726		2
293733		1
293734		1
293747		1
293765		2
293766		5
293770		1
293771		1
293773		1
293781		1
293799		3
293801		3
293803		6
293805		2
293806		1
293810		3
293836		1
293839		2
293841		2
293843		2
293844		3
293845		3
293849		1
293851		2
293854		6
293856		2
293858		5
293859		1
293868		2
293869		5
293870		8
293875		2
293878		2
293879		2
293883		2
293884		1
293885		1
293886		3
293887		4
293914		1
293915		3
293916		1
293919		1
293921		3
293922		1
293929		1
293931		2
293932		2
293942		6
293944		3
293951		4
293960		1
293961		3
293964		3
293965		1
293972		1
293973		3
293983		3
293984		1
293987		1
293988		2
293990		1
293991		2
293994		1
293995		2
293997		1
293999		2
294000		1
294002		2
294004		1
294006		2
294008		1
294009		2
294011		1
294013		2
294015		1
294016		2
294018		1
294020		2
294022		1
294024		1
294026		2
294028		1
294030		2
294031		1
294038		2
294039		2
294040		2
294041		1
294042		2
294043		1
294045		2
294050		4
294052		1
294054		2
294056		1
294057		2
294060		2
294061		1
294064		2
294065		2
294066		2
294068		1
294070		1
294071		1
294072		1
294074		4
294075		5
294076		1
294077		1
294078		2
294081		1
294082		2
294084		1
294085		2
294088		1
294089		2
294090		1
294091		1
294093		2
294094		2
294097		1
294099		2
294100		2
294102		2
294103		3
294105		2
294106		2
294108		1
294110		2
294112		1
294114		2
294116		2
294118		2
294119		1
294121		2
294122		1
294124		2
294126		2
294128		2
294130		2
294134		2
294135		3
294137		1
294140		3
294142		1
294143		2
294146		2
294147		1
294149		1
294150		1
294151		1
294153		1
294154		1
294155		1
294156		2
294158		2
294160		1
294162		2
294163		1
294165		2
294167		2
294173		3
294174		1
294175		2
294176		1
294178		2
294179		1
294181		2
294183		1
294185		2
294187		1
294188		2
294189		1
294190		3
294192		1
294194		2
294196		1
294197		2
294199		1
294201		1
294202		1
294203		2
294204		3
294206		1
294210		2
294211		1
294212		2
294214		1
294222		3
294223		5
294224		2
294225		3
294226		7
294228		3
294229		3
294231		3
294243		1
294245		3
294263		1
294268		1
294274		1
294281		1
294283		1
294300		1
294307		1
294313		1
294320		1
294395		1
295317		1
297160		1
298082		1
299003		1
299924		1
301153		1
301764		2
301877		1
302019		1
302029		1
302054		2
302075		1
302087		1
302166		2
302997		1
304225		1
304361		2
304496		4
304498		2
304500		2
304503		4
304505		4
304607		2
304608		2
304611		2
304612		2
304613		2
304616		2
304617		2
304624		4
304625		3
304626		1
304627		1
304628		1
304629		1
304631		2
304633		1
304636		2
304637		2
305117		7
305119		1
305121		1
305122		1
305123		2
305147		1
305151		4
305154		8
305156		4
305157		5
305158		5
305159		1
305160		4
305161		4
305174		1
305175		10
305216		4
305218		5
305235		2
305236		4
305238		6
305239		1
305256		2
305259		4
305273		2
305274		4
305279		1
305281		2
305342		3
305343		1
305352		1
305353		1
305354		4
305355		6
305356		5
305360		7
305361		2
305388		3
305389		3
305390		2
305392		3
305393		3
305394		2
305463		1
305464		4
305496		5
305497		1
305498		3
305499		2
305500		1
305501		4
305502		2
305503		6
305504		1
305505		3
305508		2
305509		6
305510		3
305512		3
305514		3
305515		1
305517		4
305537		1
305547		1
305549		1
305551		4
305552		2
305553		2
305554		1
305555		2
305567		1
305570		1
305586		1
305588		1
305601		1
305617		1
305621		1
305624		1
305627		1
305651		1
305653		1
305663		1
305690		1
305949		4
306021		1
306022		2
306069		2
306124		1
306141		4
306242		2
306243		1
306263		2
306319		1
306321		2
306327		1
306339		2
306341		2
306342		2
306345		4
306348		2
306349		2
306355		4
306356		2
306370		2
306373		2
306376		1
306625		2
306676		1
306763		2
306765		2
306766		2
306768		2
306772		4
306774		2
306775		4
306990		2
307297		1
307827		2
307852		1
307853		1
307859		1
307866		2
307867		1
307919		1
307920		2
307921		2
307947		3
307950		2
307988		1
307989		1
308027		1
308094		2
308219		2
308220		1
308231		4
308233		4
308234		2
308332		2
308345		2
308387		1
308389		2
308390		2
308405		1
308408		2
308410		2
308412		2
308413		2
308417		1
308418		1
308445		4
309148		1
309448		1
309982		4
309983		2
310052		1
310053		2
310081		1
310082		2
310108		1
310110		2
310229		2
310369		1
310402		4
310404		2
310405		4
310511		2
310521		1
310522		6
310523		2
310545		2
310548		2
310575		1
310577		2
310580		4
310582		2
310583		2
310584		2
310593		1
310595		2
310612		1
310614		2
310631		1
310633		4
310658		1
310659		1
310697		1
311291		1
311905		1
312520		1
312521		1
312827		2
312828		2
313134		1
313135		2
313136		2
313442		1
313749		1
313750		1
314055		1
314363		1
314364		1
314827		4
314860		1
314862		1
314977		1
315592		1
315593		1
315635		1
315670		2
315827		2
315860		1
315899		1
316513		1
317435		2
318357		1
318828		2
318860		1
318971		1
319586		1
319893		1
320507		1
321428		1
322350		1
322964		1
323886		1
324500		1
325422		1
325629		2
326344		1
326958		1
327879		1
328802		3
328803		2
329108		1
329109		3
329415		1
329416		2
329417		3
329723		2
329724		1
329725		2
329726		3
329727		1
330030		1
330032		1
330033		2
330034		2
330035		3
330036		2
330037		2
330038		2
330039		2
330337		1
330338		3
330339		2
330644		1
330645		1
330646		2
330647		1
330649		1
330651		1
330953		1
330955		2
330956		2
331260		1
331261		1
331262		1
331567		2
331873		1
332180		1
332488		1
332783		2
332795		1
332796		3
332848		1
332849		2
333102		1
333103		2
333104		2
333105		2
333409		2
333410		2
333411		2
333412		2
333716		1
333717		1
333718		2
334023		1
334024		1
334638		1
334945		2
335253		1
335254		1
335256		1
335560		1
335561		1
336174		1
336481		1
336788		1
336789		3
336790		2
336791		2
336792		1
336793		3
336794		1
336827		2
336828		2
336861		1
336872		1
337095		1
337096		2
337097		2
337710		2
337711		2
338017		2
338018		2
338019		2
338020		3
338021		1
338325		1
338327		1
338328		2
338329		2
338330		2
338332		2
338333		2
338334		3
338633		1
338635		1
338637		1
338638		1
338639		1
338941		1
338942		1
338944		1
339247		2
339248		1
339830		2
339860		1
339861		1
339870		2
339871		1
339910		3
339954		1
339970		2
339974		1
340010		2
340043		1
340044		1
340092		3
340156		1
340163		2
340167		1
340168		2
340169		2
340171		1
340172		1
340207		1
340213		2
340252		3
340299		1
340302		4
340308		1
340347		2
340397		2
340475		3
340476		1
340477		1
340517		3
340646		1
340653		3
340654		1
340656		1
340705		3
340777		1
340782		2
340784		1
340786		2
340797		1
340799		1
340803		3
340807		2
340810		1
340811		2
340812		1
340815		3
340816		2
340827		1
340833		1
340834		1
340847		3
340849		3
340878		1
340882		2
340884		1
340894		2
340896		1
340899		2
340900		1
340904		3
340921		2
340923		1
340926		1
340927		2
340946		1
340950		2
340951		2
340955		1
340958		4
340959		1
340963		4
340968		1
340970		2
340971		2
340974		2
340975		1
341090		1
341091		1
341093		1
341118		1
341120		4
341220		1
341221		1
341260		3
341262		2
341324		1
341330		2
341333		2
341334		1
341370		2
341396		1
341409		1
341415		1
341416		2
341420		2
341427		1
341428		1
341445		3
341464		2
341469		2
341588		1
341595		3
341596		1
341597		1
341598		1
341600		2
341601		1
341602		1
341604		2
341605		3
341606		1
341651		3
341653		2
341654		1
341655		1
341657		2
341665		3
341667		2
341670		2
341677		5
341678		1
341680		1
341682		2
341687		2
341690		3
341691		2
341694		2
341695		1
341697		3
341698		4
341699		1
341700		1
341704		1
341705		1
341707		1
341711		1
341715		3
341717		3
341718		2
341726		1
341748		1
341753		1
341767		2
341770		2
341774		1
341784		1
341785		1
341787		1
341794		1
341810		2
341829		1
341833		1
341838		1
341839		1
341864		1
341867		1
341868		2
341869		1
341877		1
341878		2
341907		1
341919		1
341957		1
341959		1
342009		1
342024		1
342039		2
342318		2
342626		1
342628		1
342629		1
342631		1
342632		1
342932		2
343239		1
343855		1
343856		1
343857		1
343858		1
343859		1
344775		1
344827		2
344859		1
345390		1
346311		1
346312		1
346314		1
346315		1
346601		3
346619		1
346680		1
346829		2
346866		1
346915		4
346926		2
346949		1
347482		1
347548		2
347555		1
347600		2
347642		3
347644		1
347647		1
347650		4
347652		2
347653		2
347654		2
347656		2
347658		2
347662		2
347663		2
347669		2
347691		2
347695		2
347847		1
348461		1
348494		1
348535		3
348583		3
348584		1
348687		1
348697		1
348698		2
348705		1
348706		1
348770		1
348774		1
348804		1
348805		2
348814		1
348910		3
348945		1
348969		1
348970		1
349044		1
349045		2
349082		2
349085		3
349087		1
349183		1
349189		1
349223		1
349240		3
349241		1
349246		2
349301		1
349327		2
349328		2
349336		2
349337		2
349338		4
349340		4
349341		2
349352		1
349367		3
349368		1
349383		1
349418		1
349458		1
349462		2
349463		2
349468		4
349481		2
349482		2
349487		2
349495		2
349499		2
349501		1
349502		2
349505		4
349506		2
349518		2
349522		2
349531		2
349537		2
349541		2
349542		2
349549		2
349550		6
349552		4
349554		2
349556		4
349557		2
349560		3
349562		3
349590		3
349591		2
349592		2
349593		2
349595		4
349596		2
349598		2
349599		2
349600		3
349601		2
349603		2
349604		2
349606		1
349607		2
349608		1
349609		2
349627		1
349630		2
349631		1
349632		2
349675		1
349676		2
349677		1
349678		2
349692		1
349693		2
349696		1
349700		2
349736		1
349737		2
349739		1
349741		2
349744		1
349745		2
349747		1
349752		2
349762		1
349764		2
349765		1
349769		2
349773		1
349774		2
349775		2
349781		1
349782		2
349789		1
349795		2
349798		3
349802		1
349803		4
349808		1
349811		3
349812		1
349881		1
349925		1
349926		1
349967		1
349979		1
349998		1
350055		1
350076		1
350078		2
350084		2
350096		3
350103		1
350113		4
350115		2
350116		1
350139		1
350174		2
350175		1
350176		2
350177		1
350178		2
350179		1
350181		2
350182		4
350183		3
350184		2
350185		1
350190		4
350220		1
350222		1
350223		1
350224		2
350225		2
350229		2
350232		2
350237		2
350238		2
350239		4
350240		2
350244		1
350249		4
350251		2
350285		1
350289		2
350291		2
350292		1
350311		3
350315		2
350317		2
350318		1
350319		2
350323		2
350325		4
350326		2
350332		2
350333		2
350334		3
350335		1
350337		3
350347		2
350361		1
350362		2
350364		1
350403		1
350407		1
350414		1
350415		2
350422		3
350423		1
350424		3
350426		3
350427		2
350428		1
350430		3
350431		4
350432		1
350433		1
350439		2
350441		1
350442		2
350444		3
350525		3
350529		1
350530		2
350531		1
350538		2
350539		1
350542		3
350543		1
350546		2
350547		3
350548		4
350549		1
350577		1
350587		2
350600		1
350612		1
350639		2
350735		2
350741		4
350779		2
350780		2
350784		2
350789		2
350793		2
350794		2
350817		1
350818		1
350959		2
351051		1
351054		2
351057		4
351060		2
351062		2
351068		2
351070		3
351071		2
351072		1
351073		2
351075		1
351076		2
351077		1
351078		2
351085		1
351086		2
351087		1
351089		2
351093		1
351094		3
351095		2
351096		1
351097		2
351098		1
351100		2
351102		1
351123		2
351140		1
351144		2
351145		1
351163		2
351165		1
351166		2
351167		1
351168		2
351169		1
351174		2
351177		1
351180		2
351181		1
351182		2
351184		3
351187		2
351227		1
351290		2
351369		1
351394		1
351395		2
351396		2
351408		1
351458		1
351474		1
351475		1
351476		1
351478		2
351480		2
351483		2
351484		2
351485		2
351486		2
351489		2
351490		2
351492		2
351493		2
351494		1
351499		2
351506		2
351507		2
351520		2
351523		2
351525		2
351526		3
351528		4
351530		2
351536		2
351539		2
351540		2
351541		1
351557		3
351572		1
351573		1
351652		2
351665		3
351666		2
351667		1
351742		1
351743		1
351744		1
351746		2
351747		2
351749		2
351750		2
351752		2
351754		2
351755		2
351758		2
351761		2
351777		2
351791		2
351804		2
351805		2
351808		1
351841		2
351847		1
352455		1
352763		1
353377		1
353684		1
353991		1
354298		1
354913		1
355830		6
355834		1
355870		1
355879		1
355883		1
355952		2
356028		1
356030		2
356032		2
356035		2
356036		2
356042		2
356055		2
356063		2
356066		2
356071		2
356074		2
356083		2
356085		2
356086		2
356087		2
356104		2
356109		2
356110		2
356111		2
356112		4
356114		2
356115		2
356120		2
356121		4
356125		2
356126		4
356127		2
356129		2
356130		4
356131		2
356132		1
356133		2
356134		3
356135		1
356136		2
356138		1
356139		3
356140		2
356142		1
356143		2
356144		1
356145		2
356146		1
356147		2
356148		1
356149		2
356150		3
356152		2
356153		2
356154		2
356155		2
356156		4
356157		2
356158		2
356159		2
356160		2
356161		1
356166		2
356167		1
356169		3
356171		2
356219		1
356223		2
356224		1
356226		2
356230		3
356232		1
356236		2
356237		1
356238		4
356676		1
356726		2
356729		2
356730		2
356735		2
356737		2
356738		2
356740		2
356744		2
356745		2
356746		2
356747		2
356748		2
356749		4
356750		2
356752		2
356754		1
356758		1
356759		2
356774		1
356778		2
356780		1
356781		2
356832		1
356833		1
356882		1
356890		1
356891		1
356892		2
356928		2
356929		1
356955		1
356966		1
356970		2
356973		2
356976		1
357015		2
357016		4
357025		2
357026		4
357032		2
357033		2
357034		3
357043		1
357065		1
357165		1
357180		1
357182		2
357185		1
357186		3
357189		2
357190		1
357195		3
357197		1
357198		1
357202		1
357250		2
357251		1
357276		1
357279		1
357281		2
357282		1
357286		2
357287		1
357288		2
357289		1
357291		2
357293		1
357295		2
357296		2
357298		2
357300		2
357302		2
357304		2
357305		2
357307		2
357311		2
357316		2
357324		2
357328		2
357333		5
357334		2
357335		3
357336		2
357337		1
357339		1
357340		1
357344		6
357349		1
357350		3
357351		4
357370		1
357494		1
357572		2
358292		1
358826		2
358827		3
358828		1
358864		1
358867		1
358870		1
359213		1
